Key 1073741910
18 0 1.000000
Key 45
18 0 1.000000
Key 1073741911
17 0 1.000000
Key 61
17 0 1.000000
Key 1073741918
23 0 1.000000
Key 1073741914
24 0 1.000000
Key 27
16 0 1.000000
Key 13
15 0 1.000000
Key 1073741903
14 0 1.000000
Key 1073741904
13 0 1.000000
Key 1073741905
12 0 1.000000
Key 1073741906
11 0 1.000000
Key 109
20 0 4.000000
9 1 1.000000
Key 1073741920
24 0 -1.000000
Key 107
21 0 -2.500000
10 0 1.000000
Key 100
21 0 2.500000
10 0 1.000000
Key 118
1 0 1.000000
Key 99
0 0 1.000000
Key 1073741917
19 0 1.000000
Key 104
7 0 1.000000
Key 1073741916
23 0 -1.000000
Key 103
6 0 1.000000
Key 32
22 0 -2.500000
10 0 1.000000
Key 106
3 0 1.000000
5 0 1.000000
Key 102
2 0 1.000000
4 0 1.000000
Button 3
9 0 1.000000
Button 2
10 0 1.000000
Button 1
16 0 1.000000
Button 0
15 0 1.000000
Button 14
14 0 1.000000
Button 13
13 0 1.000000
Button 12
12 0 1.000000
Button 11
11 0 1.000000
Button 6
0 0 1.000000
Button 5
7 0 1.000000
Button 4
6 0 1.000000
1 0 1.000000
Axis 3
20 0 0.400000 4.000000
Axis 1
22 0 0.000000 4.000000
Axis 0
21 0 0.000000 4.000000
Axis 5
3 0 0.200000 1.000000
5 0 0.800000 1.000000
Axis 4
2 0 0.200000 1.000000
4 0 0.800000 1.000000
